javac -g asst3.java
32719723657
15067423821
10184764831
8529696155
28541717787
9673905852
21891822829
12578386195
8978226865
7226073612
15364905315
16845462832
46051409483
10786652264
5902468087
10113388558
405320473
389986673
6937051420
19756985507
51412836516
13084129722
872595499
928024323
9860608144
1315158003
2723385269
10041288673
892709129
18350367960
16219333055
11671789983
7963666153
8174516
7484853920
3763809757
20007027730
8398777667
24666523673
20714553436
18573215568
869786906
18853030546
39583117921
5331231712
2097665043
166585144
1494343209
1109977186
11886925138
343695912
42311993948
27359194930
13731134898
20551755347
3372107849
7368442446
10535768449
10812723779
10674612664
15097498023
25892253896
16652046649
2500846163
2508553828
4076591942
13989741041
4121487714
93213816341
7712121466
10251357015
835820806
76274372459
6357632515
33872020278
4279035745
16196601805
8273247805
24894084
4648346887
10218098831
6055107482
4680610345
11631477513
18260460496
11464479734
8568388535
4460225655
6812945340
748343566
10056752984
34951519262
5860436496
23885480049
3581772611
20817394068
21173647214
10854031707
75654845118
23648468607
