make: Nothing to be done for `default'.
9027
126695
34975
117485
86915
136178
57393
56069
171303
193686
43765
99244
2020949
525880
34657
152106
60615
312905
1364724
85521
350312
53752
122419
8397
28662
90499
9155
258589
183473
624518
71225
43471
36913
655524
6414
139545
704756
43033
606831
130478
312506
69850
5312
55965
908334
159405
22796
350383
68178
65714
1206198
522828
106918
436354
141011
114629
448292
77591
173063
16158
192579
853358
92737
44555
92458
611658
249153
36256
18505
132102
264871
521806
439491
226281
38840
29483
1183703
77531
227844
97095
291697
142176
1481
109835
9624
252290
98883
227305
144340
986438
370204
2076
216530
178941
70265
74904
192058
261583
143746
24267
