816760093987
287439466119
298158201823
241731756231
502679775601
109540699085
549704738850
284251568981
336913268943
600115272919
892319826867
694641252767
989292092003
59819425826
148153808830
507369011961
322129015005
480257013714
520613505694
581378160686
4207251745
772407287124
153657761181
647985051031
688307470147
882809717032
150701038334
565015294257
846839063711
720364024400
237962728757
384086112133
510343431315
733924153316
765013705786
956765793831
596002199260
23427550277
777912003594
520696013512
344299589802
385268854343
401774754547
560165766912
534022455219
243705561760
615062803665
140352937510
121212652907
365503637189
326252212980
273129261694
667643753961
315197130828
713687557078
348418751171
301622880608
21549411876
280637828509
777915839945
838386161087
371578181602
320764618528
625370698606
534418484440
224404546595
888951339466
701829048694
182783811849
416236599128
227838987923
675002532893
72348040692
491879090445
260073493222
776034702179
396549926248
669510825205
463131974926
571964418612
659550457053
210546586818
876902287649
788358410630
362329742894
470999924620
96129910696
971613488107
843194698484
914200293499
37329748480
883011517541
925838614750
120399771316
968234367095
467315822295
583691441339
218868854298
208346270236
883629846990
