make: Nothing to be done for `default'.
82214803
141843777
567674671
235214643
578729999
374616488
63869251
254031747
782998767
592712956
302679575
433456128
109693365
224827884
827233389
14110286
113290099
299353077
417685226
64396571
39504104
175574524
153663281
48897999
30326276
552215303
286992459
3238043
277739537
427430460
111134485
128051399
741480323
319338486
4645848
123606685
40597208
520049771
49527819
968634074
236158688
1636297168
579299480
134311039
118446458
11848991
259409732
694186639
1858165970
61879708
276326806
26655460
1209160376
77739950
5796345
89091099
255602528
28258807
463026289
24268436
744754981
352071858
430874653
334544467
210883338
500925522
354953733
251455420
933584655
382424686
81487839
254379544
58813027
57072955
425859382
30340917
429751895
137011735
525208484
204174111
496437485
1731273622
21363305
353498939
313139174
633898516
129509241
16392331
309197434
129676568
165402118
18299436
388519418
391069837
342517265
105923910
277596566
554239517
212095574
77068571
