javac -g asst3.java
7504233279
5995089661
18151098793
1941090713
28343364897
4614413998
5803226695
75611518003
181906363
2951626100
16619728605
7708292850
50853216127
6194087978
2622121265
249659184
136858301
17081994187
10142589112
10214300343
10074446020
12626356234
1885478849
2918991171
2029541868
10734005221
8856988643
31931031371
9817548511
5473200596
16119829221
10448796817
9162041499
2944053322
14709338170
18550591265
30785171298
1029903779
8615685679
3875175384
5118837180
8068468000
7909114020
1919229681
4929344402
6235132519
244476142
2084713809
2766695512
18529753348
2021520190
11725295978
12470495798
27363865632
5339429189
2300203301
1836352172
5188547613
35529620137
3531454336
5196779569
944584176
